    7.2670    9.9840    7.2890   13.2230
    7.2890   14.1150    7.2890   19.2180
    7.2890   20.1090    7.2890   22.2350
    7.2890   23.1310    7.2890   25.2470
    7.2890   26.1420    7.2890   28.2520
    7.2890   29.1390    7.2890   31.2480
    7.2890   32.1420    7.2890   34.2560
    7.2890   35.1500    7.2890   36.4120
    7.2890   36.4120    5.2810   36.4120
    5.2810   36.4120    5.2810   34.8880
    5.2810   33.9950    5.2810   33.8380
    5.2810   33.8380    5.5960   33.8380
    5.5960   33.8380    5.5960   32.8380
    5.5960   32.8380    5.2810   32.8380
    5.2810   32.8380    5.2810   31.8850
    5.2810   30.9890    5.2810   30.8510
    5.2810   30.8510    5.5960   30.8510
    5.5960   30.8510    5.5960   29.8510
    5.5960   29.8510    5.2810   29.8510
    5.2810   29.8510    5.2810   28.8870
    5.2810   27.9950    5.2810   27.8350
    5.2810   27.8350    5.5960   27.8350
    5.5960   27.8350    5.5960   26.8350
    5.5960   26.8350    5.2810   26.8350
    5.2810   26.8350    5.2810   25.9110
    5.2810   25.0180    5.2810   24.8390
    5.2810   24.8390    5.5960   24.8390
    5.5960   24.8390    5.5960   23.8390
    5.5960   23.8390    5.2810   23.8390
    5.2810   23.8390    5.2810   22.8930
    5.2810   21.9960    5.2810   19.8980
    6.5660   14.2700    6.5660   19.0770
    5.2810   19.0060    5.2810   16.9060
    5.2810   16.0110    5.2810   13.9010
    5.2810   10.0010    5.2810    7.8950
    5.2810    6.8950    5.2810    4.8850
    5.2810    3.8850    5.2810    3.3350
    5.2810   12.9130    5.7510   12.9130
    5.7510   12.9130    5.7510   11.9130
    5.7510   11.9130    5.2810   11.9130
    5.2810   11.9130    5.2810   10.8900
         0         0    4.8110         0
    4.8110         0    4.8110    3.8850
    4.8110    3.8850    5.2810    3.8850
    5.2810    4.8850    4.8110    4.8850
    4.8110    4.8850    4.8110    5.8930
    4.8110    5.8930    4.3720    5.8930
    4.3720    5.8930    4.3720    5.3580
    4.3720    5.3580    2.3320    5.3580
    2.3320    5.3580    2.3320    5.8930
    2.3320    5.8930         0    5.8930
         0    5.8930         0    5.3040
   -0.0000    5.3040   -0.1050    5.3040
   -0.1050    5.3040   -0.1050    3.6560
   -0.1050    3.6560         0    3.6560
         0    3.6560         0    2.2890
         0    2.2890   -0.1050    2.2890
   -0.1050    2.2890   -0.1050    0.6440
   -0.1050    0.6440    0.0000    0.6440
    0.0000    0.6440    0.0000   -0.0000
    0.0000    5.9750    4.8110    5.9750
    4.8110    5.9750    4.8110    6.8950
    4.8110    6.8950    5.2810    6.8950
    5.2810    7.8950    4.8110    7.8950
    4.8110    7.8950    4.8110   10.0050
    4.8110   10.0050    5.2810   10.0050
    5.2810   10.9030    4.8110   10.9030
    4.8110   10.9030    4.8110   11.8470
    4.8110   11.8470   -0.0000   11.8470
   -0.0000   11.8470   -0.0000   11.2830
   -0.0000   11.2830   -0.1050   11.2830
   -0.1050   11.2830   -0.1050    9.6340
   -0.1050    9.6340   -0.0000    9.6340
   -0.0000    9.6340   -0.0000    8.2880
   -0.0000    8.2880   -0.1050    8.2880
   -0.1050    8.2880   -0.1050    6.6420
   -0.1050    6.6420    0.0000    6.6420
    0.0000    6.6420    0.0000    5.9750
    5.2810   13.8970    4.8110   13.8970
    4.8110   13.8970    4.8110   14.3960
    4.8110   14.3960   -0.0000   14.3960
   -0.0000   14.3960    0.0000   11.9330
    0.0000   11.9330    4.8110   11.9330
    4.8110   11.9330    4.8110   13.0070
    4.8110   13.0070    5.2810   13.0070
    5.2810   16.9060    4.8110   16.9060
    4.8110   16.9060    4.8110   18.3850
    4.8110   18.3850   -0.0000   18.3850
   -0.0000   18.3850    0.0000   14.4810
    0.0000   14.4810    4.8110   14.4810
    4.8110   14.4810    4.8110   16.0110
    4.8110   16.0110    5.2810   16.0110
    5.2810   19.8980    4.8110   19.8980
    4.8110   19.8980    4.8110   20.8530
    4.8110   20.8530   -0.0000   20.8530
   -0.0000   20.8530    0.0000   18.4810
    0.0000   18.4810    4.8110   18.4810
    4.8110   18.4810    4.8110   19.0060
    4.8110   19.0060    5.2810   19.0060
    5.2810   22.8920    4.8110   22.8920
    4.8110   22.8920    4.8110   23.4040
    4.8110   23.4040   -0.0000   23.4040
   -0.0000   23.4040    0.0000   20.9250
    0.0000   20.9250    4.8110   20.9250
    4.8110   20.9250    4.8110   21.9950
    4.8110   21.9950    5.2810   21.9950
    5.2810   25.9110    4.8110   25.9110
    4.8110   25.9110    4.8110   27.4070
    4.8110   27.4070   -0.0000   27.4070
   -0.0000   27.4070    0.0000   23.5100
    0.0000   23.5100    4.8110   23.5100
    4.8110   23.5100    4.8110   25.0180
    4.8110   25.0180    5.2810   25.0180
    5.2810   28.8870    4.8110   28.8870
    4.8110   28.8870    4.8110   29.8250
    4.8110   29.8250   -0.0000   29.8250
   -0.0000   29.8250    0.0000   27.4750
    0.0000   27.4750    4.8110   27.4750
    4.8110   27.4750    4.8110   27.9950
    4.8110   27.9950    5.2810   27.9950
    5.2810   31.8850    4.8110   31.8850
    4.8110   31.8850    4.8110   32.3930
    4.8110   32.3930   -0.0000   32.3930
   -0.0000   32.3930    0.0000   29.9190
    0.0000   29.9190    4.8110   29.9190
    4.8110   29.9190    4.8110   30.9890
    4.8110   30.9890    5.2810   30.9890
    5.2810   34.8880    4.8110   34.8880
    4.8110   34.8880    4.8110   35.7120
    4.8110   35.7120    3.2430   35.7120
    3.2430   35.7120    3.2430   38.9190
    3.2430   38.9190   -0.0000   38.9190
   -0.0000   38.9190    0.0000   32.4690
    0.0000   32.4690    4.8150   32.4690
    4.8150   32.4690    4.8150   33.9950
    4.8150   33.9950    5.2810   33.9950
    7.2890   34.2560    7.7590   34.2560
    7.7590   34.2560    7.7590   33.7490
    7.7590   33.7490   12.5690   33.7490
   12.5690   33.7490   12.5690   36.2630
   12.5690   36.2630    7.7590   36.2630
    7.7590   36.2630    7.7590   35.1500
    7.7590   35.1500    7.2890   35.1500
    7.2890   31.2480    7.7590   31.2480
    7.7590   31.2480    7.7590   30.2480
    7.7590   30.2480   12.5690   30.2480
   12.5690   30.2480   12.5690   33.6460
   12.5690   33.6460    7.7590   33.6460
    7.7590   33.6460    7.7590   32.1420
    7.7590   32.1420    7.2890   32.1420
    7.2890   28.2520    7.7590   28.2520
    7.7590   28.2520    7.7590   27.7370
    7.7590   27.7370   12.5690   27.7370
   12.5690   27.7370   12.5690   30.1480
   12.5690   30.1480    7.7590   30.1480
    7.7590   30.1480    7.7590   29.1390
    7.7590   29.1390    7.2890   29.1390
    7.2890   25.2470    7.7590   25.2470
    7.7590   25.2470    7.7590   23.7510
    7.7590   23.7510   12.5690   23.7510
   12.5690   23.7510   12.5690   27.6430
   12.5690   27.6430    7.7590   27.6430
    7.7590   27.6430    7.7590   26.1420
    7.7590   26.1420    7.2890   26.1420
    7.2890   22.2350    7.7590   22.2350
    7.7590   22.2350    7.7590   21.2210
    7.7590   21.2210   12.5690   21.2210
   12.5690   21.2210   12.5690   23.6640
   12.5690   23.6640    7.7590   23.6640
    7.7590   23.6640    7.7590   23.1310
    7.7590   23.1310    7.2890   23.1310
    7.2890   19.2180    7.7590   19.2180
    7.7590   19.2180    7.7590   14.7180
    7.7590   14.7180   12.5690   14.7180
   12.5690   14.7180   12.5690   21.0950
   12.5690   21.0950    7.7590   21.0950
    7.7590   21.0950    7.7590   20.1090
    7.7590   20.1090    7.2890   20.1090
    7.2890   13.2230    7.7590   13.2230
    7.7590   13.2230    7.7590   11.5840
    7.7590   11.5840   12.5690   11.5840
   12.5690   11.5840   12.5690   14.6050
   12.5690   14.6050    7.7590   14.6050
    7.7590   14.6050    7.7590   14.1150
    7.7590   14.1150    7.2890   14.1150
    7.6790    9.0420    9.5790    9.0420
    9.5790    9.0420    9.5790   10.1920
    9.5790   10.1920    7.6790   10.1920
    7.6790   10.1920    7.6790    9.9720
    5.2810    3.3350    7.2710    3.3350
    7.2710    3.3350    7.2710    3.5050
    7.2710    3.5050    8.9140    3.5050
    8.9140    3.5050    8.9380    7.0560
    8.9380    7.0560    9.0580    7.0560
    9.0580    7.0560    9.0580    5.8210
    9.0580    5.8210   11.4180    5.8210
   11.4180    5.8210   11.4320    8.6490
   11.4320    8.6490    9.0720    8.6490
    9.0720    8.6490    9.0720    7.9760
    9.0720    7.9760    8.9520    7.9760
    8.9520    7.9760    8.9520    8.6640
    8.9520    8.6640    7.2670    8.6640
    7.2670    8.6640    7.2670    9.0840
    7.2670    9.0840    7.3620    9.0840
    7.3620    9.0840    7.3620    9.5340
    7.3620    9.5340    7.3170    9.5340
    7.3170    9.5340    7.3170    9.9840
    7.3170    9.9840    7.2670    9.9840
    8.2140    3.5050    8.2140    5.1590
    8.2140    5.1590    8.9140    5.1590
    8.9520    8.0580    7.2950    8.0580
    7.2950    8.0580    7.2950    8.6640
    7.3640    6.9580    7.2940    6.6510
    7.2940    6.6510    7.2440    6.3430
    7.2440    6.3430    7.2190    6.0360
    7.2190    6.0360    7.2040    5.7280
    7.2040    5.7280    7.2190    5.4200
    7.2190    5.4200    7.2440    5.1130
    7.2440    5.1130    7.2940    4.8060
    7.2940    4.8060    7.3640    4.4980
    7.3640    4.4980    7.2510    4.4730
    7.2510    4.4730    7.1740    4.8060
    7.1740    4.8060    7.1240    5.1130
    7.1240    5.1130    7.0990    5.4200
    7.0990    5.4200    7.0840    5.7280
    7.0840    5.7280    7.0990    6.0360
    7.0990    6.0360    7.1240    6.3430
    7.1240    6.3430    7.1740    6.6510
    7.1740    6.6510    7.2510    6.9960
    7.2510    6.9960    7.3640    6.9580
